{
    "laminate": {
        "path": "D:/Projects/PyNeo3DLib/example/data/smile_arch_half.stl"
    },
    "ios": [
        {
            "subType": "smileArch",
            "path": "D:/Projects/PyNeo3DLib/example/data/smile_arch_origin.stl",
            "transformMatrix": [[-9.97529736e-01, -6.72424035e-02,  2.03195593e-02,  2.70469771e+00],
            [ 6.29349864e-02, -9.83999564e-01, -1.66685470e-01, -1.32266799e+02],
            [ 3.12027692e-02, -1.64994902e-01,  9.85800725e-01,  1.14430216e+02],
            [ 0.00000000e+00,  0.00000000e+00,  0.00000000e+00,  1.00000000e+00]]
        },
        {
            "subType": "upper",
            "path": "D:/Projects/PyNeo3DLib/example/data/smile_arch_origin.stl",
            "transformMatrix": [[-9.97529736e-01, -6.72424035e-02,  2.03195593e-02,  2.70469771e+00],
            [ 6.29349864e-02, -9.83999564e-01, -1.66685470e-01, -1.32266799e+02],
            [ 3.12027692e-02, -1.64994902e-01,  9.85800725e-01,  1.14430216e+02],
            [ 0.00000000e+00,  0.00000000e+00,  0.00000000e+00,  1.00000000e+00]]
        },
        {
            "subType": "lower",
            "path": "D:/Projects/PyNeo3DLib/example/data/smile_arch_origin.stl",
            "transformMatrix": [[-9.97529736e-01, -6.72424035e-02,  2.03195593e-02,  2.70469771e+00],
            [ 6.29349864e-02, -9.83999564e-01, -1.66685470e-01, -1.32266799e+02],
            [ 3.12027692e-02, -1.64994902e-01,  9.85800725e-01,  1.14430216e+02],
            [ 0.00000000e+00,  0.00000000e+00,  0.00000000e+00,  1.00000000e+00]]
        }
    ],
    "facescan": [
        {
            "subType": "smile",
            "path": "D:/Projects/PyNeo3DLib/example/data/FaceScan/Smile/Smile.obj",
            "transformMatrix": [[-9.97529736e-01, -6.72424035e-02,  2.03195593e-02,  2.70469771e+00],
            [ 6.29349864e-02, -9.83999564e-01, -1.66685470e-01, -1.32266799e+02],
            [ 3.12027692e-02, -1.64994902e-01,  9.85800725e-01,  1.14430216e+02],
            [ 0.00000000e+00,  0.00000000e+00,  0.00000000e+00,  1.00000000e+00]]
        },
        {
            "subType": "rest",
            "path": "D:/Projects/PyNeo3DLib/example/data/FaceScan/Smile/Smile.obj",
            "transformMatrix": [[-9.97529736e-01, -6.72424035e-02,  2.03195593e-02,  2.70469771e+00],
            [ 6.29349864e-02, -9.83999564e-01, -1.66685470e-01, -1.32266799e+02],
            [ 3.12027692e-02, -1.64994902e-01,  9.85800725e-01,  1.14430216e+02],
            [ 0.00000000e+00,  0.00000000e+00,  0.00000000e+00,  1.00000000e+00]]
        },
        {
            "subType": "retraction",
            "path": "D:/Projects/PyNeo3DLib/example/dataFaceScan/Smile/Smile.obj",
            "transformMatrix": [[-9.97529736e-01, -6.72424035e-02,  2.03195593e-02,  2.70469771e+00],
            [ 6.29349864e-02, -9.83999564e-01, -1.66685470e-01, -1.32266799e+02],
            [ 3.12027692e-02, -1.64994902e-01,  9.85800725e-01,  1.14430216e+02],
            [ 0.00000000e+00,  0.00000000e+00,  0.00000000e+00,  1.00000000e+00]]
        }
    ],
    "cbct": {
        "path": "D:/Projects/PyNeo3DLib/example/data/cbct/",
        "transformMatrix": [[-9.97529736e-01, -6.72424035e-02,  2.03195593e-02,  2.70469771e+00],
        [ 6.29349864e-02, -9.83999564e-01, -1.66685470e-01, -1.32266799e+02],
        [ 3.12027692e-02, -1.64994902e-01,  9.85800725e-01,  1.14430216e+02],
        [ 0.00000000e+00,  0.00000000e+00,  0.00000000e+00,  1.00000000e+00]]
    }
}