{
    "laminate": {
        "path": "D:/Projects/PyNeo3DLib/example/data/smile_arch_half.stl"
    },
    "ios": [
        {
            "subType": "smileArch",
            "path": "D:/Projects/PyNeo3DLib/example/data/ios_with_smilearch.stl",
            "transform_matrix": [
                [
                    -9.84384788e-01,
                    1.30507429e-02,
                    1.75545626e-01,
                    2.38242142e-01
                ],
                [
                    1.76011097e-01,
                    5.83285806e-02,
                    9.82658573e-01,
                    -3.15668834e+01
                ],
                [
                    2.58509721e-03,
                    9.98212129e-01,
                    -5.97148430e-02,
                    -1.17499098e+01
                ],
                [
                    0.00000000e+00,
                    0.00000000e+00,
                    0.00000000e+00,
                    1.00000000e+00
                ]
            ]
        },
        {
            "subType": "upper",
            "path": "D:/Projects/PyNeo3DLib/example/data/smile_arch_origin.stl",
            "transform_matrix": [
                [
                    1,
                    0,
                    0,
                    0
                ],
                [
                    0,
                    1,
                    0,
                    0
                ],
                [
                    0,
                    0,
                    1,
                    0
                ],
                [
                    0,
                    0,
                    0,
                    1
                ]
            ]
        },
        {
            "subType": "lower",
            "path": "D:/Projects/PyNeo3DLib/example/data/smile_arch_origin.stl",
            "transform_matrix": [
                [
                    1,
                    0,
                    0,
                    0
                ],
                [
                    0,
                    1,
                    0,
                    0
                ],
                [
                    0,
                    0,
                    1,
                    0
                ],
                [
                    0,
                    0,
                    0,
                    1
                ]
            ]
        }
    ],
    "facescan": [
        {
            "subType": "smile",
            "path": "D:/Projects/PyNeo3DLib/example/data/FaceScan/Smile/Smile.obj",
            "transform_matrix": [
                [
                    -9.97529736e-01,
                    -6.72424035e-02,
                    2.03195593e-02,
                    2.70469771e+00
                ],
                [
                    6.29349864e-02,
                    -9.83999564e-01,
                    -1.66685470e-01,
                    -1.32266799e+02
                ],
                [
                    3.12027692e-02,
                    -1.64994902e-01,
                    9.85800725e-01,
                    1.14430216e+02
                ],
                [
                    0.00000000e+00,
                    0.00000000e+00,
                    0.00000000e+00,
                    1.00000000e+00
                ]
            ]
        },
        {
            "subType": "rest",
            "path": "D:/Projects/PyNeo3DLib/example/data/FaceScan/Rest/Smile.obj",
            "transform_matrix": [
                [
                    -9.96627170e-01,
                    -8.20453492e-02,
                    1.68641929e-03,
                    1.78605714e+01
                ],
                [
                    8.17222165e-02,
                    -9.94152773e-01,
                    -7.05814666e-02,
                    -3.96274259e+01
                ],
                [
                    7.46743949e-03,
                    -7.02055894e-02,
                    9.97504593e-01,
                    3.35933326e+01
                ],
                [
                    0.00000000e+00,
                    0.00000000e+00,
                    0.00000000e+00,
                    1.00000000e+00
                ]
            ]
        },
        {
            "subType": "retraction",
            "path": "D:/Projects/PyNeo3DLib/example/data/FaceScan/Retraction/Smile.obj",
            "transform_matrix": [
                [
                    -9.95853129e-01,
                    -8.63565993e-02,
                    -2.86196346e-02,
                    6.78286714e+00
                ],
                [
                    8.65077758e-02,
                    -9.96242802e-01,
                    -4.08456482e-03,
                    -4.45309576e+01
                ],
                [
                    -2.81593758e-02,
                    -6.54344758e-03,
                    9.99582029e-01,
                    3.32363751e+01
                ],
                [
                    0.00000000e+00,
                    0.00000000e+00,
                    0.00000000e+00,
                    1.00000000e+00
                ]
            ]
        }
    ],
    "cbct": {
        "path": "D:/Projects/PyNeo3DLib/example/data/cbct/",
        "transform_matrix": [
            [
                1,
                0,
                0,
                0
            ],
            [
                0,
                1,
                0,
                0
            ],
            [
                0,
                0,
                1,
                0
            ],
            [
                0,
                0,
                0,
                1
            ]
        ]
    },
    "smilearch_bow": {
        "path": "D:/Projects/PyNeo3DLib/example/data/bow/smilearch_bow.stl",
        "transform_matrix": [
            [
                1,
                0,
                0,
                0
            ],
            [
                0,
                1,
                0,
                0
            ],
            [
                0,
                0,
                1,
                0
            ],
            [
                0,
                0,
                0,
                1
            ]
        ]
    }
}